fuse_score: true
iou: 0.6451971971815224
match_thresh: 0.6565264765796968
new_track_thresh: 0.5768844224245963
track_buffer: 32
track_high_thresh: 0.23837602999076798
track_low_thresh: 0.09314170882013163
tracker_type: bytetrack
